4 5 3 15 6 6 1
8 2 2 7 11 1 0
14 4 5 6 1 0 0
4 17 5 4 6 1 1
8 7 2 9 1 0 0
4 3 6 1 0 0 0
4 4 10 6 1 0 0
4 14 3 5 6 1 0
4 4 3 6 1 1 0
4 17 3 6 1 1 0
22 8 7 2 7 1 0
8 2 9 7 13 1 0
8 8 2 2 7 0 0
4 5 6 3 13 1 0
4 4 5 3 3 6 1
20 4 5 3 1 6 0
8 8 2 2 7 2 1
5 5 3 6 1 0 0
4 5 10 3 0 0 0
22 8 8 2 2 7 1
4 4 3 6 15 0 0
20 9 3 6 1 0 0
8 2 2 1 9 0 0
7 8 2 2 7 1 0
20 20 4 5 3 6 1
8 7 1 0 0 0 0
23 4 3 5 6 1 0
4 5 3 6 11 1 0
4 5 10 3 16 6 1
10 4 5 3 6 1 0
4 3 5 3 1 6 0
14 4 4 5 3 6 1
8 9 2 2 7 15 0
2 8 2 7 12 1 0
4 4 5 3 6 12 0
8 2 10 7 2 1 0
4 5 5 3 1 0 0
22 2 2 2 7 1 0
5 5 6 1 0 0 0
4 5 3 11 1 0 0
4 5 5 3 6 0 0
2 2 7 0 0 0 0
4 5 5 3 6 13 0
13 2 7 7 1 0 0
8 8 2 9 7 1 0
8 2 7 15 1 0 0
4 5 3 15 1 6 0
4 5 5 5 6 1 0
3 3 4 6 1 0 0
8 7 2 2 2 7 11
8 2 2 2 13 1 0
8 2 2 7 11 11 0
8 2 9 2 7 0 0
8 2 2 1 1 7 0
4 5 3 6 1 11 1
10 4 5 3 6 11 0
8 2 2 7 0 0 0
18 8 2 2 2 7 1
8 7 2 10 7 1 0
4 5 10 6 3 1 0
8 7 1 7 0 0 0
8 2 2 2 2 1 0
4 5 3 21 1 0 0
12 2 7 0 0 0 0
8 8 2 2 7 12 0
4 17 3 6 11 1 0
12 8 2 9 7 1 0
4 5 4 3 1 0 0
2 7 2 1 0 0 0
4 4 5 6 1 0 0
8 2 7 1 7 0 0
5 3 6 0 0 0 0
4 14 14 3 16 1 0
2 8 2 7 15 0 0
4 3 6 15 1 0 0
4 4 5 3 1 6 0
5 4 6 1 3 0 0
4 5 6 10 3 1 0
8 7 2 7 1 0 0
4 5 3 5 6 1 0
4 5 5 3 21 1 0
8 2 1 2 0 0 0
8 2 7 7 1 0 0
8 9 7 1 0 0 0
3 4 5 6 1 0 0
5 4 3 1 6 0 0
4 5 3 1 6 6 0
17 3 6 1 0 0 0
23 4 5 10 6 1 0
4 3 3 6 1 1 0
4 3 6 13 1 1 0
4 4 5 3 3 16 1
4 5 3 6 19 1 0
8 2 2 11 7 7 0
8 2 7 7 1 1 0
4 5 3 19 1 0 0
4 14 9 3 6 1 0
4 5 6 3 6 1 0
24 4 5 3 6 1 0
3 5 3 6 6 1 0
23 5 3 16 6 1 0
4 5 4 6 11 1 0
8 9 2 2 2 7 1
20 4 3 5 6 1 0
10 5 3 6 6 1 0
5 4 3 6 6 1 0
4 13 3 0 0 0 0
8 8 2 2 7 13 1
13 8 2 7 1 1 0
4 5 3 1 6 11 0
5 3 1 6 0 0 0
4 5 4 3 6 1 0
12 2 2 7 0 0 0
4 17 5 10 3 6 1
4 5 6 3 12 0 0
4 5 3 1 1 0 0
1 12 12 2 2 7 1
4 5 3 16 1 6 0
8 7 7 1 0 0 0
4 3 5 19 6 1 0
4 5 16 3 6 1 0
5 5 3 1 6 0 0
4 5 10 3 21 6 1
5 4 3 6 13 1 0
8 13 2 7 1 0 0
4 5 3 19 13 0 0
4 5 5 6 6 1 0
3 4 5 6 3 1 0
5 10 3 6 1 0 0
9 7 1 0 0 0 0
8 8 2 7 1 0 0
5 5 3 19 1 0 0
18 8 9 2 7 1 0
4 5 3 6 13 13 1
8 2 2 11 1 7 0
4 5 4 19 1 0 0
4 6 5 3 1 0 0
4 5 3 11 0 0 0
4 9 5 6 1 0 0
8 10 2 2 7 1 0
4 5 3 12 6 1 0
8 2 2 2 13 1 7
5 4 3 21 1 0 0
4 5 3 18 6 1 0
2 8 9 1 7 0 0
4 3 19 6 1 0 0
9 3 4 5 3 6 1
8 2 2 7 1 11 1
8 2 2 0 0 0 0
8 2 2 10 0 0 0
14 4 5 3 3 6 1
4 5 10 1 0 0 0
8 9 2 2 10 1 0
8 10 7 2 2 7 1
23 5 6 3 1 0 0
8 2 2 10 15 0 0
4 5 5 1 0 0 0
3 5 3 21 1 0 0
4 5 5 3 6 1 0
10 4 14 5 3 6 1
8 2 7 1 1 0 0
4 5 5 5 3 6 1
8 9 2 9 7 1 0
4 3 5 6 1 1 0
5 4 10 6 1 0 0
8 2 7 7 11 1 0
10 23 4 5 3 6 1
8 2 2 7 13 0 0
4 5 11 1 0 0 0
8 22 2 2 7 1 0
22 22 8 2 2 7 1
4 5 6 3 15 1 0
4 5 3 3 6 0 0
8 2 1 1 0 0 0
4 5 3 1 1 6 0
22 8 2 2 7 0 0
8 2 2 7 7 1 1
4 4 6 1 0 0 0
5 3 16 1 0 0 0
4 14 5 6 1 0 0
3 4 3 6 1 0 0
8 2 7 2 7 11 1
4 5 3 6 6 15 1
4 4 3 1 0 0 0
8 9 2 9 2 7 1
4 5 3 6 16 6 1
23 5 3 6 6 1 0
4 5 6 3 1 1 0
3 4 5 3 1 6 6
4 14 5 6 9 1 0
8 18 8 2 2 7 1
10 5 3 21 6 1 0
8 2 9 2 3 1 0
8 2 3 9 2 2 7
4 9 3 3 6 0 0
4 5 3 19 6 0 0
4 21 5 3 11 0 0
3 4 5 3 6 13 0
8 9 2 10 1 0 0
8 2 2 9 7 1 0
8 8 2 2 2 7 1
4 5 6 3 5 1 0
8 2 1 7 0 0 0
12 2 2 7 7 1 0
8 2 2 11 7 0 0
8 2 9 2 7 11 0
12 2 7 2 1 0 0
8 8 9 7 2 1 0
8 2 2 7 22 12 1
8 2 2 7 10 1 0
4 25 17 3 6 1 0
8 2 10 7 2 7 1
3 4 6 3 1 0 0
4 5 3 10 6 1 0
4 5 5 3 3 6 1
4 14 6 1 0 0 0
2 2 1 0 0 0 0
4 3 5 6 15 1 0
4 5 6 1 1 0 0
8 8 2 2 7 11 0
8 2 2 9 13 1 0
18 8 10 7 2 7 1
4 4 3 16 6 1 0
4 5 10 3 6 12 1
2 9 2 7 1 0 0
5 3 11 1 0 0 0
12 2 2 7 11 0 0
8 2 2 7 15 0 0
8 2 2 2 7 12 0
8 12 2 2 7 1 0
4 5 3 11 1 1 0
14 5 3 6 0 0 0
4 14 4 3 6 1 0
8 9 2 2 2 1 0
5 4 5 5 6 1 0
4 3 3 6 6 1 0
4 5 3 11 16 1 0
5 3 13 1 0 0 0
8 2 10 2 1 0 0
18 2 2 7 1 1 0
4 5 3 5 3 6 1
8 2 2 15 1 7 0
8 7 2 7 13 0 0
4 4 5 3 6 13 0
18 8 2 2 1 7 0
4 5 3 11 6 12 1
4 5 3 6 1 0 0
4 5 9 4 3 6 1
10 3 1 6 0 0 0
22 8 2 2 7 11 0
8 2 2 7 2 7 1
4 5 3 16 13 0 0
12 2 7 2 7 1 0
8 2 7 2 7 13 1
8 2 2 1 2 0 0
12 8 2 2 7 12 1
3 5 3 11 1 0 0
8 8 2 2 9 1 0
4 17 10 6 1 0 0
8 8 8 2 2 7 7
4 17 5 3 1 6 0
4 5 10 3 6 12 0
4 14 5 3 5 6 1
8 2 7 2 9 7 1
8 7 2 1 0 0 0
7 8 1 0 0 0 0
8 9 9 2 7 1 0
3 4 3 5 6 1 0
8 7 2 7 7 1 0
20 5 3 1 6 0 0
4 5 10 9 6 1 0
14 5 3 6 12 0 0
8 2 2 7 15 1 0
2 8 2 2 1 7 0
5 5 3 1 0 0 0
23 4 5 6 3 1 0
5 9 6 1 0 0 0
4 5 3 6 1 13 0
5 4 3 1 0 0 0
8 2 2 7 12 13 0
4 5 6 11 0 0 0
4 4 5 4 6 1 0
8 9 2 7 13 0 0
12 8 7 1 0 0 0
4 4 5 10 3 6 1
5 4 5 5 3 6 1
8 2 2 4 10 1 0
4 6 12 0 0 0 0
10 4 3 5 6 1 0
20 5 3 6 6 1 0
4 3 6 13 1 0 0
23 5 3 3 6 1 0
2 7 2 13 0 0 0
4 5 3 6 12 1 1
4 5 3 3 6 11 1
7 2 7 1 0 0 0
4 5 4 21 16 1 0
2 2 7 1 1 0 0
14 4 5 3 1 6 0
8 2 2 10 1 1 0
8 2 2 7 11 12 1
13 2 2 7 1 0 0
4 5 11 3 1 0 0
4 5 1 0 0 0 0
4 3 14 17 6 1 0
8 2 2 10 7 12 1
5 4 3 6 12 0 0
13 7 2 7 1 0 0
5 3 6 11 0 0 0
18 8 7 2 2 7 1
4 3 5 3 6 1 13
3 5 3 1 0 0 0
4 9 3 3 3 6 1
4 5 3 6 11 15 0
23 4 5 5 3 6 1
18 8 2 2 2 1 0
8 7 2 10 1 0 0
5 4 3 16 6 1 0
2 18 2 7 1 0 0
2 9 7 1 0 0 0
4 4 5 3 19 6 1
12 2 2 7 1 0 0
5 3 6 11 1 0 0
18 2 2 7 13 1 0
12 2 7 1 0 0 0
8 9 9 7 1 0 0
4 5 3 16 6 15 0
24 20 5 3 6 1 0
8 2 2 7 7 11 0
5 4 3 16 6 15 0
2 8 2 7 11 0 0
4 5 9 10 6 1 0
12 8 2 2 7 7 1
12 8 2 2 2 7 1
8 2 2 7 1 0 0
2 8 2 1 7 0 0
4 5 3 6 11 11 0
4 5 3 1 21 0 0
8 2 2 7 12 1 1
18 18 8 2 2 10 1
20 4 5 3 1 0 0
5 3 1 0 0 0 0
14 4 5 3 11 6 1
8 2 2 2 9 1 0
8 2 7 7 12 1 0
5 4 3 19 6 1 0
4 4 5 5 3 6 1
14 3 5 6 1 0 0
8 2 2 7 1 11 0
8 9 2 7 13 1 0
8 9 1 2 0 0 0
8 2 2 10 9 7 1
4 5 3 21 6 13 1
4 3 10 6 1 0 0
22 2 2 7 7 1 0
4 17 3 11 6 1 0
22 2 9 7 1 0 0
4 3 1 6 0 0 0
4 5 3 3 19 1 0
5 10 3 6 13 1 0
4 17 5 3 11 1 0
8 2 2 2 7 13 1
4 5 5 9 3 6 1
8 2 2 7 18 13 1
13 8 7 2 2 7 1
2 8 7 7 1 1 0
12 2 7 7 1 0 0
20 4 5 6 3 1 0
8 2 9 2 7 12 1
8 2 2 7 7 13 0
3 5 3 6 1 0 0
8 2 10 10 7 1 0
4 17 3 1 0 0 0
8 9 2 7 1 0 0
23 3 5 6 1 0 0
8 9 2 2 7 15 1
3 5 3 6 15 0 0
18 8 9 2 2 1 7
8 2 2 7 13 11 0
2 2 9 1 0 0 0
13 8 2 2 1 7 0
8 2 2 10 7 1 0
12 8 2 2 10 7 1
12 2 2 10 7 1 0
8 2 2 12 0 0 0
4 5 3 6 16 11 0
4 14 5 3 6 6 1
10 5 6 3 1 0 0
4 5 3 1 0 0 0
8 2 2 13 7 0 0
4 5 6 1 0 0 0
4 14 3 5 3 6 1
4 4 5 3 1 0 0
4 3 6 5 1 0 0
8 8 2 2 9 7 1
4 3 5 1 6 0 0
2 8 2 9 1 0 0
18 2 2 7 12 1 0
8 2 2 2 2 7 1
8 2 2 1 7 0 0
5 5 6 3 1 0 0
8 2 2 2 7 7 1
8 2 2 7 13 1 1
14 5 3 6 11 1 0
22 8 7 2 2 7 11
4 4 5 6 3 0 0
8 2 2 9 10 1 0
23 4 5 3 1 0 0
8 7 2 2 7 0 0
18 8 9 2 2 7 1
20 4 5 3 6 1 1
4 5 5 5 4 3 6
4 3 5 3 6 15 0
4 3 11 1 0 0 0
2 2 1 7 0 0 0
5 4 3 11 6 1 0
12 8 2 7 2 7 1
2 8 2 2 1 0 0
8 9 2 2 7 12 0
5 4 3 6 11 1 0
13 8 2 2 7 0 0
4 5 5 3 6 15 0
8 2 9 7 11 0 0
8 2 2 1 1 0 0
20 4 5 3 6 0 0
18 8 2 2 7 1 0
20 5 6 1 0 0 0
4 5 21 6 1 0 0
8 2 9 2 7 1 0
4 5 9 3 16 6 1
12 8 2 7 7 1 0
8 2 2 11 1 0 0
13 8 2 2 7 12 0
14 5 3 6 1 0 0
10 4 5 4 3 1 6
4 5 4 3 6 6 1
4 3 6 6 1 0 0
3 5 3 6 11 1 0
14 5 3 6 1 1 0
4 5 3 3 6 1 1
10 4 4 3 6 1 0
2 8 7 2 1 0 0
4 5 6 6 3 1 0
4 5 4 6 1 0 0
4 5 4 11 6 1 0
12 8 2 2 2 1 0
14 5 3 11 6 1 0
5 4 3 6 0 0 0
9 2 8 7 7 1 0
8 2 7 1 2 0 0
4 5 5 6 1 0 0
12 2 2 7 1 1 0
8 9 2 2 9 1 0
4 5 6 16 0 0 0
4 4 4 3 3 6 1
4 3 5 4 3 6 1
8 7 2 2 2 1 0
8 7 2 2 1 7 0
8 2 2 7 13 13 0
8 2 7 2 15 1 0
4 3 5 6 3 1 0
18 8 2 2 7 12 1
8 2 7 2 7 7 1
3 6 1 0 0 0 0
4 5 3 11 19 1 0
4 4 17 14 3 6 1
8 2 7 12 1 0 0
12 2 2 1 0 0 0
23 17 5 3 6 1 0
4 5 4 5 3 6 1
22 2 2 7 15 1 0
4 5 1 6 0 0 0
2 18 8 2 7 1 0
8 2 9 7 0 0 0
10 10 5 3 6 1 0
8 8 2 7 7 1 0
8 7 2 1 7 0 0
18 2 2 1 7 0 0
12 8 2 7 1 0 0
8 2 2 7 11 0 0
8 2 7 7 0 0 0
8 2 7 7 15 0 0
8 18 2 2 7 12 0
2 8 2 10 1 0 0
18 2 2 7 11 0 0
8 7 9 9 2 2 7
8 7 7 7 1 0 0
3 4 5 3 6 1 1
12 2 8 2 10 7 1
4 10 3 5 3 6 1
4 5 5 6 3 1 0
2 2 7 13 1 0 0
8 2 7 1 0 0 0
3 5 3 6 1 1 0
4 3 14 5 6 1 0
4 5 5 3 19 6 12
4 17 3 5 19 1 0
23 4 5 3 21 6 13
23 4 5 3 6 1 0
4 5 4 3 10 1 0
8 2 2 9 7 11 0
4 5 19 3 1 0 0
14 4 5 3 6 15 1
4 5 3 6 1 12 0
8 2 2 10 1 7 0
4 14 5 16 6 1 0
8 2 2 7 2 1 0
4 5 3 6 8 0 0
8 2 9 2 7 7 1
13 2 9 7 1 0 0
4 5 3 11 6 11 0
4 5 10 16 6 1 0
4 4 14 5 3 6 1
8 8 9 7 2 2 7
4 5 3 6 11 1 1
4 5 6 5 1 0 0
4 14 3 6 12 1 0
3 5 6 3 1 0 0
4 5 3 15 6 0 0
8 2 2 7 7 7 1
18 18 8 2 2 7 1
4 3 6 12 0 0 0
12 8 2 2 7 1 0
13 8 2 2 10 1 0
18 19 18 8 2 2 7
8 2 2 7 1 12 0
22 2 2 7 13 0 0
8 2 9 7 12 1 0
20 5 6 1 1 0 0
8 9 2 2 7 1 1
4 4 4 5 6 1 0
4 5 5 4 3 6 1
4 3 5 6 25 1 0
22 2 9 7 1 1 0
8 2 2 10 12 1 0
22 8 2 2 1 0 0
4 10 5 6 1 0 0
5 3 6 15 0 0 0
12 2 9 7 1 0 0
8 2 1 2 7 0 0
4 17 3 6 6 1 0
5 4 3 6 13 0 0
4 5 3 16 0 0 0
22 2 2 7 12 0 0
4 5 9 1 0 0 0
3 4 5 6 15 0 0
8 2 3 9 7 1 0
4 5 10 2 6 1 0
4 5 5 6 11 1 0
4 5 6 3 3 1 0
20 4 5 3 6 12 1
23 3 6 1 0 0 0
4 5 3 13 1 0 0
4 3 5 11 6 1 0
8 2 2 7 11 15 1
8 8 7 2 7 1 0
8 7 2 2 7 12 1
4 4 4 5 3 3 6
4 5 3 6 1 1 1
8 9 2 9 7 0 0
4 17 5 6 3 1 0
4 5 3 16 6 0 0
3 4 5 3 6 1 0
8 8 2 2 1 0 0
3 3 4 5 3 6 1
4 5 5 3 6 11 0
8 2 7 2 7 0 0
8 2 2 2 7 1 1
4 5 3 16 6 11 0
4 5 3 6 6 15 0
4 4 6 6 1 0 0
7 8 2 7 1 1 0
8 7 2 2 7 12 0
4 14 5 5 6 1 0
4 17 3 6 0 0 0
4 5 3 16 1 0 0
5 4 4 3 6 0 0
8 9 2 1 7 0 0
4 4 5 9 3 6 1
4 5 3 19 11 1 0
7 2 2 7 1 0 0
5 4 9 3 6 1 0
8 2 2 2 7 1 7
4 4 5 3 16 6 12
2 8 8 2 7 1 0
4 10 4 5 3 6 1
4 5 4 6 6 1 0
4 5 3 1 16 6 0
4 5 21 1 0 0 0
13 9 2 2 7 1 0
8 7 2 4 7 1 0
4 5 9 6 1 0 0
4 5 3 21 6 12 1
13 8 2 9 7 1 0
5 3 11 6 1 0 0
4 3 5 1 0 0 0
18 2 2 7 7 1 0
4 4 5 3 16 21 6
8 8 2 7 2 1 0
4 5 4 6 12 1 0
23 5 9 6 1 0 0
5 9 3 6 1 0 0
8 2 9 2 7 15 1
4 5 4 3 1 6 0
10 5 5 3 6 12 1
4 5 3 6 11 6 1
10 5 3 21 1 0 0
4 17 17 3 6 1 0
8 2 2 7 1 7 0
8 2 10 1 0 0 0
8 2 7 11 0 0 0
5 4 3 6 11 0 0
4 5 10 6 15 0 0
4 17 3 16 1 0 0
4 23 4 5 3 6 1
4 5 3 21 6 1 1
8 2 2 2 1 1 0
4 5 3 16 6 1 0
8 2 2 7 9 7 1
4 3 5 3 6 13 1
8 8 9 7 1 0 0
4 14 5 5 3 6 1
4 4 3 6 0 0 0
4 3 5 16 6 1 0
14 5 3 6 6 1 0
18 8 7 2 7 1 0
4 5 5 6 13 0 0
4 10 5 3 6 1 0
8 9 9 2 2 7 1
4 5 5 1 6 0 0
8 2 2 15 7 0 0
4 17 5 3 6 11 0
4 17 17 5 3 6 1
4 5 3 6 6 0 0
4 3 5 6 15 0 0
4 3 5 6 1 0 0
4 5 3 12 1 6 0
10 3 3 6 1 0 0
8 2 2 7 1 1 0
8 7 7 2 2 7 1
4 5 5 4 6 1 0
4 5 3 15 0 0 0
8 2 9 2 2 1 0
8 7 9 2 1 0 0
8 8 2 2 7 12 1
5 6 1 0 0 0 0
4 3 3 1 6 0 0
4 5 3 11 6 0 0
3 4 5 6 3 15 0
20 4 3 6 1 0 0
4 14 5 3 3 6 6
5 3 6 6 1 0 0
4 6 5 5 3 1 0
8 2 7 11 1 0 0
8 8 7 2 2 7 1
5 3 6 13 0 0 0
13 2 2 9 1 0 0
8 9 2 7 2 1 0
2 8 2 10 0 0 0
20 4 5 6 13 0 0
4 4 5 3 11 1 0
3 14 3 6 1 0 0
4 5 3 19 6 6 1
4 5 6 12 0 0 0
8 2 9 9 1 0 0
2 8 2 7 1 12 0
5 20 3 6 1 0 0
8 2 10 2 7 1 0
4 3 5 3 19 1 0
8 2 7 2 1 1 0
8 2 2 9 7 7 1
8 2 7 2 1 0 0
14 4 14 3 6 1 0
4 17 5 3 6 6 1
4 3 5 3 16 1 0
4 3 16 6 0 0 0
4 5 3 11 1 6 0
5 4 6 1 0 0 0
4 4 5 3 6 15 1
8 7 2 2 7 1 0
2 2 7 12 0 0 0
4 5 10 3 1 6 0
4 5 3 6 1 15 0
4 4 5 3 6 15 0
4 3 5 16 1 0 0
5 4 5 3 6 6 1
8 8 2 2 7 13 0
23 10 5 3 6 11 0
8 7 2 2 10 1 0
12 8 2 2 2 7 7
2 8 9 7 1 0 0
8 9 2 7 7 1 0
4 3 3 5 3 6 1
4 17 5 3 6 1 1
8 2 2 9 15 0 0
4 14 5 6 1 1 0
18 18 13 8 2 2 7
4 5 9 3 6 0 0
8 2 7 13 1 0 0
5 3 6 12 1 0 0
4 5 3 1 11 0 0
8 2 9 2 1 0 0
5 5 3 16 1 0 0
2 8 2 9 7 1 0
4 4 6 3 1 0 0
4 5 4 6 0 0 0
4 5 3 21 13 13 0
4 5 3 6 21 1 0
8 2 2 23 10 1 0
2 8 2 2 7 1 0
4 5 5 3 9 6 0
4 5 5 6 13 1 0
4 14 5 3 6 12 0
14 10 4 5 3 6 0
3 1 6 0 0 0 0
8 7 2 7 11 0 0
3 19 6 1 0 0 0
4 3 6 11 0 0 0
4 17 6 1 0 0 0
4 4 4 5 3 6 1
8 2 2 7 12 1 0
4 5 3 1 12 0 0
8 2 7 7 7 1 0
4 5 3 3 6 6 1
4 3 5 6 6 1 0
12 2 2 2 7 1 0
4 5 3 13 6 0 0
18 8 2 2 7 0 0
4 3 5 6 0 0 0
8 2 7 15 0 0 0
4 5 4 6 1 1 0
4 5 4 1 0 0 0
4 5 10 3 6 6 1
4 5 19 6 1 0 0
2 2 9 7 1 0 0
18 2 2 7 1 0 0
4 5 10 19 1 0 0
5 4 3 19 1 0 0
4 5 5 5 6 3 1
2 22 2 7 1 0 0
4 4 3 1 6 0 0
8 10 9 2 7 1 0
22 8 2 2 2 7 1
5 3 6 13 1 0 0
4 5 6 11 1 0 0
22 8 9 2 7 1 0
4 14 3 6 1 0 0
13 2 2 7 12 1 0
12 2 2 9 1 0 0
8 2 9 7 1 0 0
4 4 5 11 3 1 0
20 4 5 3 6 11 0
2 8 2 7 0 0 0
20 5 5 6 1 0 0
4 5 3 6 11 0 0
4 5 3 6 3 0 0
4 4 3 3 6 1 0
8 2 2 7 1 12 1
4 5 9 1 6 0 0
4 5 3 13 0 0 0
2 8 2 2 7 0 0
8 2 2 10 7 1 1
8 13 2 2 7 1 0
4 3 4 5 6 1 0
8 2 9 7 7 1 0
5 4 3 6 1 0 0
17 5 4 3 6 1 0
4 5 10 6 0 0 0
4 3 11 6 1 0 0
4 5 3 21 1 1 0
20 3 6 1 0 0 0
4 3 6 11 1 0 0
4 3 5 3 1 0 0
8 10 2 7 1 0 0
4 5 3 6 19 0 0
10 4 5 3 3 6 1
5 3 19 6 1 0 0
9 2 8 2 7 1 0
23 4 5 3 6 1 1
2 13 2 7 1 0 0
4 3 15 6 0 0 0
8 2 9 2 7 1 1
14 5 9 3 6 1 0
8 8 2 2 7 1 1
4 17 5 6 1 0 0
8 9 7 2 1 0 0
13 8 2 2 7 13 1
10 4 5 3 1 0 0
19 8 2 2 7 1 0
10 3 6 1 0 0 0
2 8 7 2 7 1 0
4 5 17 3 6 1 0
14 5 3 6 11 0 0
14 14 5 3 6 1 0
4 6 3 13 0 0 0
20 5 3 6 15 0 0
10 3 5 6 1 0 0
3 4 5 3 6 0 0
8 2 7 2 0 0 0
4 5 5 3 11 1 0
2 2 10 7 1 0 0
4 3 6 0 0 0 0
4 17 5 4 3 6 1
8 2 2 1 10 0 0
14 5 3 1 1 0 0
4 17 3 6 11 0 0
12 8 2 2 7 0 0
8 2 9 2 9 1 0
8 2 2 2 0 0 0
8 2 2 7 18 1 0
7 5 3 6 1 0 0
8 2 2 9 1 0 0
4 14 5 3 21 1 0
4 5 3 0 0 0 0
8 2 2 7 16 1 0
4 4 5 4 3 6 1
4 5 9 3 21 6 1
4 10 3 5 6 1 0
8 2 9 1 0 0 0
5 4 4 6 11 1 0
4 5 3 3 6 15 1
8 2 2 7 7 0 0
5 6 4 3 1 0 0
8 2 7 9 2 1 0
4 3 4 6 1 0 0
14 4 5 3 6 1 1
8 2 7 2 7 1 1
5 3 4 6 1 0 0
4 5 10 9 3 6 1
8 7 2 2 7 1 1
4 10 3 6 1 0 0
4 4 5 3 6 13 1
8 2 2 9 7 1 1
8 7 2 2 7 7 1
4 17 3 3 6 1 0
4 4 5 3 6 6 1
23 4 5 3 6 6 1
4 5 4 11 1 0 0
8 2 7 0 0 0 0
18 8 2 7 1 0 0
2 8 2 7 13 1 0
4 3 5 3 6 0 0
4 5 3 12 6 0 0
9 2 2 7 1 0 0
4 5 3 16 16 1 0
8 9 2 7 11 0 0
4 5 3 19 19 1 0
8 2 7 7 2 1 0
8 2 2 15 7 1 0
8 2 2 9 7 12 0
22 2 7 2 1 0 0
8 8 7 2 1 0 0
20 4 5 4 6 1 0
8 2 7 9 7 1 0
4 4 3 6 11 1 0
4 5 3 16 6 6 1
4 5 3 6 15 13 1
14 4 3 6 1 0 0
2 7 1 0 0 0 0
4 14 5 3 6 15 0
5 4 5 6 1 0 0
8 9 2 1 0 0 0
14 5 3 6 15 0 0
8 8 2 2 2 1 0
4 9 3 3 6 1 0
8 2 2 1 0 0 0
4 17 17 5 3 6 13
5 4 3 3 6 1 0
4 17 5 3 6 15 0
4 14 14 3 6 1 0
8 7 2 2 10 7 1
4 5 3 6 12 11 1
2 8 2 7 12 0 0
4 5 4 3 6 13 1
12 8 8 2 2 7 1
22 2 2 7 13 1 0
4 5 3 6 6 1 1
12 8 2 9 2 7 1
4 5 5 6 0 0 0
8 9 2 7 0 0 0
4 5 3 3 1 0 0
20 4 4 5 3 6 1
4 5 3 21 21 1 0
8 7 2 2 7 13 1
5 4 3 6 1 1 0
4 5 3 6 12 0 0
23 3 5 3 6 6 1
4 5 14 3 21 1 0
8 2 9 2 9 7 1
8 2 2 7 1 1 1
12 2 2 2 1 0 0
8 8 2 3 7 1 0
4 5 3 1 19 0 0
4 5 6 15 0 0 0
4 5 4 3 6 0 0
4 5 3 6 0 0 0
8 2 7 2 11 0 0
17 4 5 3 6 1 0
8 9 2 7 1 1 0
8 9 2 7 12 1 0
3 4 5 3 6 12 0
8 2 2 10 7 0 0
4 5 3 6 15 15 0
8 2 2 1 7 7 0
17 5 3 6 1 0 0
8 2 2 9 9 7 1
4 5 10 6 1 0 0
4 20 5 3 6 1 0
8 7 2 2 2 7 1
4 5 9 3 3 6 1
4 5 3 13 6 1 0
4 5 3 6 6 11 1
4 3 19 1 0 0 0
2 2 7 12 1 0 0
3 4 5 21 3 1 0
2 2 7 11 0 0 0
4 4 3 6 1 0 0
8 2 2 7 10 7 1
8 2 2 7 13 12 0
4 5 3 21 6 6 1
8 2 2 1 9 7 0
4 5 3 11 6 15 1
4 5 6 3 11 0 0
8 2 7 2 12 0 0
8 2 2 2 7 1 0
5 3 19 1 0 0 0
14 3 6 1 0 0 0
14 4 5 4 3 6 1
4 3 17 6 1 0 0
9 2 2 8 7 1 0
4 3 16 6 1 0 0
8 2 7 2 10 1 0
12 8 7 2 2 7 1
4 5 1 3 0 0 0
2 8 2 7 15 1 0
8 7 7 2 7 1 0
8 2 2 2 1 0 0
8 7 2 2 1 0 0
4 14 4 5 3 6 1
4 5 3 3 11 6 1
5 5 3 6 13 0 0
4 5 1 3 6 1 0
4 4 5 3 21 1 0
14 4 5 3 6 6 1
4 5 21 6 13 0 0
8 2 2 4 1 0 0
8 2 2 2 7 13 0
4 4 5 3 16 1 0
8 2 7 2 13 1 0
8 2 2 7 12 12 1
5 1 3 6 0 0 0
4 5 3 3 6 11 0
20 4 5 9 6 1 0
4 3 3 6 0 0 0
4 5 10 6 11 0 0
8 2 1 0 0 0 0
8 2 2 7 15 1 1
4 5 3 6 6 1 0
4 5 3 19 0 0 0
4 5 16 3 1 0 0
2 8 2 7 1 1 0
8 2 2 2 7 11 1
9 2 7 1 0 0 0
20 4 5 5 3 6 1
4 5 3 6 15 1 1
8 2 2 10 7 12 0
8 2 2 9 9 1 0
4 5 3 6 6 12 1
13 8 2 7 2 7 1
4 5 9 3 6 6 1
4 5 19 6 3 1 0
4 5 9 3 1 0 0
8 8 2 9 2 7 1
4 5 3 6 12 1 0
4 14 3 6 11 1 0
14 4 14 5 3 6 6
17 4 3 6 1 0 0
5 6 0 0 0 0 0
8 1 7 7 0 0 0
4 3 6 6 0 0 0
4 5 3 6 12 12 1
8 2 2 7 9 1 0
4 5 3 6 1 1 0
8 8 9 2 7 1 0
4 5 3 6 15 15 1
5 4 5 3 6 13 1
14 4 5 5 3 6 1
4 5 6 13 1 0 0
23 4 5 6 1 0 0
4 5 5 3 11 6 1
4 14 3 6 0 0 0
14 20 4 5 3 6 1
22 8 2 10 9 2 7
20 3 5 6 1 0 0
8 2 2 7 7 11 1
8 2 2 13 0 0 0
13 2 7 2 7 1 0
20 5 3 6 1 0 0
9 8 2 7 1 0 0
2 2 8 7 1 0 0
8 2 9 7 2 7 1
13 2 7 1 0 0 0
8 2 2 7 11 1 1
8 2 8 2 7 1 0
8 8 2 2 7 1 0
17 5 4 6 1 0 0
5 23 3 6 1 0 0
8 8 2 2 10 7 1
4 5 3 3 6 12 0
4 3 5 10 3 6 1
4 5 5 4 6 1 1
23 4 5 3 6 0 0
4 5 3 1 11 6 0
4 5 10 3 6 15 0
4 5 6 12 1 0 0
4 5 6 5 3 1 0
4 5 6 9 1 0 0
8 2 2 10 7 11 0
8 2 7 2 2 1 0
8 9 2 2 1 7 0
4 5 5 3 1 6 0
4 5 6 4 1 0 0
8 8 8 2 2 1 0
5 4 3 6 15 0 0
4 5 6 3 0 0 0
2 13 8 2 7 1 0
13 2 2 9 11 1 0
20 3 5 3 6 1 0
8 2 2 10 9 1 0
8 2 7 2 13 0 0
4 3 3 1 0 0 0
10 5 6 1 0 0 0
8 2 2 2 10 7 1
4 5 5 3 6 12 0
4 5 3 3 6 12 1
8 2 9 7 1 1 0
8 7 2 7 2 1 0
4 5 3 3 11 1 0
22 8 2 2 7 13 1
8 2 2 7 6 0 0
4 14 3 6 1 1 0
23 4 4 5 3 6 1
10 4 5 5 3 6 1
4 3 3 11 1 0 0
5 4 10 3 6 1 0
4 5 9 9 6 1 0
7 2 15 0 0 0 0
8 2 7 2 12 1 0
8 2 2 10 10 7 1
2 2 7 1 0 0 0
4 3 5 5 6 1 0
4 5 7 9 6 1 0
4 3 3 6 11 1 0
23 5 3 3 6 6 1
10 5 4 5 3 1 6
4 5 3 3 6 1 0
4 5 3 1 19 6 0
10 5 3 6 0 0 0
5 4 3 16 6 12 0
8 8 2 2 7 15 1
4 5 3 3 21 1 0
13 8 2 2 1 0 0
20 5 3 19 1 0 0
14 5 6 1 0 0 0
4 14 5 3 6 1 0
12 2 7 2 1 1 0
4 14 5 9 6 1 0
8 8 2 2 7 15 0
4 17 14 3 6 1 0
13 2 2 1 0 0 0
4 4 5 10 6 1 0
4 5 4 3 19 6 1
13 2 2 2 7 1 0
8 2 2 7 7 1 0
22 8 2 2 7 7 1
8 9 7 7 1 0 0
4 5 16 6 1 0 0
23 4 3 6 1 0 0
13 8 7 2 7 1 0
4 3 5 6 12 1 0
8 9 7 2 7 1 0
18 8 2 2 10 7 1
4 5 4 3 6 13 0
4 3 5 19 1 0 0
4 14 3 1 0 0 0
23 4 5 9 3 6 1
4 5 16 1 0 0 0
10 4 5 3 1 6 0
3 5 6 1 0 0 0
4 14 5 6 3 1 0
2 2 10 1 0 0 0
4 5 21 6 3 1 0
4 5 10 3 3 6 1
13 2 2 7 7 1 0
5 4 3 15 1 0 0
4 14 5 3 6 0 0
4 5 5 3 16 1 0
14 4 5 3 6 1 0
4 5 5 3 6 12 1
4 5 3 19 19 11 1
8 7 9 7 1 0 0
4 14 3 11 1 6 0
4 4 3 5 3 6 1
4 5 5 3 21 6 1
4 5 3 19 6 12 1
8 9 2 2 7 1 0
4 3 5 6 11 1 0
8 2 2 9 11 0 0
10 14 5 3 21 6 1
4 4 5 3 11 6 1
4 6 1 0 0 0 0
4 5 10 3 6 1 0
10 5 4 3 6 1 0
4 5 5 9 6 1 0
4 5 6 15 1 0 0
22 8 10 2 2 7 1
3 17 3 6 1 0 0
4 6 5 1 0 0 0
22 8 2 2 7 15 1
4 3 3 3 6 1 0
4 3 16 1 0 0 0
4 5 6 3 12 1 0
8 2 7 9 0 0 0
4 5 21 3 1 0 0
4 3 5 3 6 6 1
22 2 2 2 2 7 1
4 5 3 6 16 15 1
4 10 5 6 3 1 0
13 18 8 2 2 7 1
3 4 6 1 0 0 0
2 8 7 1 0 0 0
8 9 2 2 1 0 0
8 2 7 9 1 0 0
8 7 2 7 15 0 0
8 2 7 2 15 0 0
8 2 2 7 7 12 0
4 14 14 3 6 1 1
24 5 3 6 1 0 0
18 13 8 2 2 7 1
18 2 2 2 7 1 0
8 2 2 2 7 11 0
4 5 7 9 3 6 1
4 5 10 6 1 1 0
4 5 10 6 11 1 0
4 5 9 3 6 1 0
5 3 3 6 1 0 0
20 5 3 6 11 1 0
5 4 4 5 3 6 1
4 5 6 10 1 0 0
8 2 2 1 7 1 0
14 23 4 5 3 6 1
4 4 5 3 6 11 0
8 2 2 2 10 1 0
3 4 5 3 1 6 0
4 14 5 3 11 1 0
4 3 6 1 1 0 0
4 5 3 6 6 6 1
18 2 9 7 1 0 0
4 5 3 16 12 0 0
8 2 9 7 15 1 0
20 4 5 3 6 6 1
10 4 5 6 1 0 0
13 8 8 2 2 7 1
2 8 2 7 7 1 0
4 5 4 3 6 12 0
4 3 21 1 0 0 0
18 8 2 2 9 7 1
8 2 7 2 1 15 1
8 7 2 2 7 15 1
4 4 5 3 6 1 0
4 5 3 3 16 1 0
4 6 3 1 0 0 0
8 2 7 2 2 7 1
8 2 2 13 1 0 0
8 2 7 2 9 1 0
13 2 9 2 7 1 0
8 2 2 10 1 0 0
22 8 2 2 7 1 0
8 2 7 12 0 0 0
4 5 23 4 6 1 0
4 17 5 5 6 1 0
8 2 2 2 7 0 0
4 5 10 6 13 1 0
10 4 5 9 6 1 0
13 7 2 2 7 1 0
23 4 17 3 6 1 0
4 17 5 3 6 1 0
8 2 9 2 2 7 1
8 8 8 2 2 7 1
4 5 3 6 19 6 1
20 5 10 3 6 1 0
2 12 2 7 1 0 0
13 8 2 2 7 1 1
10 5 3 6 11 0 0
8 2 10 7 7 1 0
4 5 3 11 6 6 1
4 3 5 5 3 6 1
4 4 5 3 6 0 0
20 5 3 6 1 1 0
10 4 3 6 1 0 0
4 4 20 4 5 3 6
4 5 10 3 16 1 0
8 2 7 2 1 7 0
4 3 5 10 6 1 0
5 3 21 1 0 0 0
2 2 8 2 7 1 0
18 8 8 2 2 7 1
5 3 6 1 0 0 0
20 4 5 3 6 15 1
3 3 6 1 0 0 0
4 17 3 6 1 0 0
2 8 2 4 10 1 0
2 2 7 7 1 0 0
23 14 6 1 0 0 0
4 14 3 1 6 0 0
23 5 6 1 0 0 0
4 3 5 21 1 0 0
2 22 8 2 7 1 0
8 12 8 2 7 1 0
4 5 4 3 21 1 0
8 9 7 7 15 1 0
8 2 2 9 1 1 0
4 17 5 3 1 0 0
8 2 2 9 7 0 0
8 2 9 2 1 7 0
9 9 2 2 7 1 0
3 5 3 1 6 0 0
4 5 12 1 6 0 0
5 4 3 6 15 1 0
4 5 3 19 15 1 0
3 4 5 3 19 6 1
4 14 3 6 6 1 0
4 5 6 3 15 0 0
4 5 3 3 1 6 0
8 7 2 7 0 0 0
8 2 7 13 0 0 0
8 2 2 7 1 13 0
8 2 9 1 7 0 0
4 5 3 16 16 6 0
4 5 23 6 1 0 0
14 4 3 5 6 1 0
4 4 5 9 6 1 0
4 14 10 3 6 1 0
10 5 3 6 1 0 0
14 4 5 3 6 12 0
4 5 10 1 6 0 0
20 5 9 6 1 0 0
13 8 2 2 7 12 1
4 5 6 0 0 0 0
5 4 5 3 1 6 0
12 9 2 7 1 0 0
8 7 2 9 7 1 0
8 7 2 7 1 1 0
4 14 5 10 6 1 0
4 17 5 5 3 6 1
4 4 5 3 16 6 1
8 2 7 2 7 1 0
3 5 3 6 12 1 0
4 5 9 6 1 1 0
8 12 2 7 1 0 0
22 2 2 7 1 0 0
4 5 3 21 6 12 0
4 4 17 5 3 6 1
2 22 9 7 1 0 0
14 4 5 3 6 0 0
2 2 2 7 1 0 0
2 8 7 7 1 0 0
4 17 3 1 6 0 0
20 14 3 6 1 0 0
8 2 2 9 7 15 1
20 4 14 5 3 6 1
4 5 14 3 6 12 1
4 5 6 1 3 0 0
14 5 3 1 0 0 0
13 2 2 7 0 0 0
22 2 9 2 7 1 0
2 7 2 7 1 0 0
4 4 5 3 6 1 1
18 8 2 2 10 1 0
4 5 9 3 6 1 1
22 2 2 1 7 0 0
5 5 3 21 1 0 0
4 5 4 1 6 0 0
4 3 1 0 0 0 0
4 5 3 19 15 0 0
4 5 3 9 6 1 0
5 4 6 3 1 0 0
18 8 2 2 1 0 0
4 5 3 3 3 6 1
8 7 7 2 1 0 0
8 18 2 2 7 1 0
4 5 10 3 3 3 6
4 10 4 3 6 1 0
5 3 6 1 1 0 0
8 9 2 2 7 0 0
2 8 2 7 1 0 0
5 4 4 5 16 6 1
8 9 2 10 7 1 0
13 13 2 2 9 1 0
23 4 5 3 6 12 0
4 5 11 6 3 1 0
12 8 2 7 2 11 1
4 5 9 16 6 15 0
4 5 3 11 6 1 0
5 6 3 1 1 0 0
4 4 5 3 21 6 1
3 5 3 6 0 0 0
4 17 3 5 6 1 0
2 8 2 10 7 1 0
4 5 3 19 1 1 0
5 5 3 16 6 1 0
5 4 4 6 1 0 0
4 5 5 3 6 11 1
2 8 2 7 13 0 0
4 5 9 3 1 6 0
8 8 9 2 2 7 1
5 6 3 1 0 0 0
8 2 2 9 2 1 0
10 5 3 16 6 1 0
8 2 2 2 1 7 0
13 8 2 2 2 7 1
5 5 3 6 15 1 0
22 2 7 1 0 0 0
4 5 3 21 1 6 0
14 5 6 6 1 0 0
8 7 2 2 7 11 0
4 5 4 6 15 0 0
5 3 6 12 0 0 0
4 5 3 21 6 1 0
4 5 3 21 6 0 0
14 4 5 3 16 6 1
4 4 14 3 6 1 0
13 8 2 2 7 15 1
12 8 2 2 1 0 0
8 8 8 2 2 7 13
8 2 2 2 7 12 1
4 3 6 3 1 0 0
8 2 10 7 1 0 0
4 5 10 3 1 0 0
8 2 7 7 12 0 0
4 5 3 9 3 6 1
18 8 2 2 7 7 1
8 12 8 2 7 2 1
4 5 5 3 6 6 1
4 5 14 6 1 0 0
8 9 1 0 0 0 0
20 4 5 4 3 6 1
4 5 4 3 6 1 1
4 3 3 6 1 0 0
18 8 2 2 7 1 1
8 2 2 7 12 13 1
10 4 5 3 11 1 0
14 5 5 3 6 1 0
4 17 3 6 13 1 0
4 5 3 19 6 1 0
3 4 3 5 3 6 1
13 2 2 10 7 1 0
4 5 5 6 1 1 0
2 2 7 15 1 0 0
4 10 6 1 0 0 0
10 5 3 1 6 0 0
5 4 5 3 6 1 0
5 4 3 6 12 1 0
22 22 2 2 7 1 0
7 2 8 2 7 1 0
18 9 2 2 7 1 0
8 7 9 2 7 1 0
18 2 2 1 0 0 0
4 10 5 5 6 1 0
8 8 2 2 7 7 1
18 2 9 2 7 1 0
3 14 5 6 1 0 0
4 5 5 3 6 1 1
3 5 3 3 6 1 0
4 3 6 15 0 0 0
4 5 5 19 6 1 0
23 5 3 6 1 0 0
4 5 3 10 3 6 1
4 17 6 3 1 0 0
4 14 5 3 1 0 0
4 4 5 3 19 1 0
8 18 8 2 2 2 11
4 5 3 6 13 1 0
4 5 4 4 6 1 0
8 2 2 2 7 15 1
8 2 7 9 2 7 1
4 5 9 6 6 1 0
5 4 5 3 6 1 1
4 5 3 6 15 1 0
23 5 3 1 0 0 0
4 5 5 10 6 1 0
4 5 3 3 16 6 1
8 2 2 1 10 7 0
4 5 3 6 15 0 0
14 4 5 6 3 1 0
8 2 2 7 11 11 1
18 9 2 7 1 0 0
20 5 3 6 12 1 0
8 7 2 2 7 15 0
13 13 8 2 2 7 1
5 5 9 3 1 0 0
8 2 2 2 15 7 0
20 4 5 3 6 1 0
4 5 6 6 1 0 0
4 3 10 3 6 1 0
9 8 2 2 7 1 0
8 2 9 2 7 13 1
3 6 3 1 0 0 0
18 2 7 2 1 0 0
4 3 5 3 21 1 0
8 2 9 10 1 0 0
4 4 3 21 6 1 0
8 2 2 9 7 11 1
8 2 2 1 2 7 0
8 8 2 2 1 7 0
8 2 2 2 10 7 0
8 2 2 7 7 12 1
4 3 6 12 1 0 0
4 14 3 6 11 0 0
4 4 3 5 6 1 0
22 8 2 2 7 12 1
5 5 3 6 0 0 0
4 5 1 3 6 0 0
8 2 7 7 11 0 0
4 3 5 11 1 0 0
2 8 2 7 11 1 0
22 8 2 9 2 7 1
2 8 9 2 7 1 0
10 4 5 3 6 1 1
4 5 3 21 13 0 0
4 5 3 11 11 6 1
5 4 3 16 1 0 0
4 14 5 3 11 6 1
14 17 3 6 1 0 0
20 5 6 3 0 0 0
8 2 9 9 2 7 1
20 3 3 6 1 0 0
4 5 3 3 6 15 0
18 2 7 7 1 0 0
4 5 10 3 11 6 1
8 2 2 7 12 0 0
5 5 4 3 6 1 0
4 3 5 6 12 0 0
4 9 3 6 1 0 0
4 5 3 6 6 13 1
4 4 5 6 3 1 0
4 5 6 3 1 0 0
4 3 5 3 6 1 0
2 8 2 1 0 0 0
3 6 11 0 0 0 0
4 5 3 6 21 6 1
22 8 2 7 1 0 0
13 13 2 2 7 1 0
8 2 9 2 2 7 12
13 8 8 2 7 2 7
8 2 9 2 7 2 7
4 5 3 16 11 1 0
4 5 3 5 1 6 0
22 8 2 2 1 7 0
13 8 2 7 1 0 0
3 5 3 6 15 1 0
13 8 2 2 7 1 0
4 5 3 19 6 13 1
4 5 3 12 0 0 0
4 5 19 1 0 0 0
4 5 9 9 3 6 1
5 4 5 3 1 0 0
2 2 7 15 0 0 0
4 3 5 6 13 1 0
4 5 3 6 11 11 1
2 2 2 1 0 0 0
8 9 2 2 7 11 0
4 4 5 3 6 11 1
4 5 3 21 0 0 0
10 5 9 6 1 0 0
2 2 7 13 0 0 0
18 2 7 1 0 0 0
8 2 2 15 0 0 0
4 5 3 1 6 0 0
8 9 2 2 9 7 1
23 5 4 6 1 0 0
10 4 3 5 1 0 0
4 5 3 16 1 1 0
22 13 13 2 2 7 1
20 5 4 3 6 1 0
14 5 3 1 6 0 0
18 8 2 2 7 15 0
14 4 17 3 6 1 0
20 5 3 1 0 0 0
8 10 7 2 7 1 0
3 4 5 3 6 11 1
22 2 2 7 11 1 0
5 4 4 3 6 1 0
4 5 2 6 1 0 0
5 10 6 1 0 0 0
4 14 6 3 1 0 0
3 5 3 6 6 1 1
8 2 2 7 13 13 1
8 2 2 7 13 1 0
8 2 2 10 15 1 0
20 5 6 3 1 0 0
4 5 3 6 13 0 0
4 5 3 1 16 0 0
4 5 5 3 19 1 0
4 3 3 5 6 1 0
