4 5 4 6 1 3 1 6
7 6 1 0 1 0 1 6
2 5 1 6 2 0 1 5
4 6 4 0 7 0 1 5
7 6 7 0 1 0 4 5
4 3 4 3 4 3 4 5
2 6 2 5 4 0 1 3
2 6 4 0 4 5 7 5
2 3 2 5 7 0 4 3
4 6 2 3 7 0 2 3
1 0 1 3 1 3 1 3
2 3 7 0 4 0 7 0
7 5 4 5 2 5 1 3
4 5 2 3 4 0 2 0
2 0 4 6 1 0 4 0
7 3 1 0 1 5 7 0
7 3 4 5 1 3 1 3
1 5 4 0 7 6 2 0
7 0 7 5 1 0 2 5
1 5 2 6 1 6 2 3
7 3 4 6 2 5 4 6
7 0 1 5 7 5 7 5
2 3 2 0 2 3 4 0
2 5 1 5 4 5 2 5
1 3 1 0 1 3 2 6
1 0 7 3 7 3 2 3
1 0 4 6 7 3 4 0
2 6 4 5 2 3 2 0
7 3 7 5 7 5 1 5
2 6 2 3 1 6 1 0
4 6 4 3 1 0 2 3
7 0 4 6 4 6 7 0
1 5 7 5 1 0 1 0
2 6 2 6 7 5 4 5
7 3 4 3 1 0 2 5
7 0 2 0 2 3 1 0
1 0 4 5 7 6 7 5
7 5 2 6 2 5 2 0
4 0 7 3 2 3 1 0
4 3 1 3 4 0 7 0
1 0 7 0 7 6 1 5
2 6 2 0 7 6 4 5
7 5 7 3 1 3 1 5
2 3 4 3 2 6 2 5
7 3 4 3 4 5 1 0
4 3 1 5 2 0 1 0
2 6 4 3 4 5 1 5
2 3 1 0 2 0 1 3
4 3 7 0 4 6 4 6
2 6 1 6 1 3 4 3
1 6 7 3 2 5 2 3
1 0 2 5 7 0 2 3
1 0 4 5 1 0 4 6
7 6 4 3 2 6 2 3
2 6 2 0 1 3 4 3
2 3 4 5 7 3 4 5
1 5 2 3 1 3 2 0
2 3 2 6 2 3 2 6
4 3 2 3 1 3 7 3
4 5 7 0 1 6 2 0
1 0 1 5 2 5 4 0
4 6 7 0 2 6 7 0
7 3 2 6 7 5 7 5
1 5 7 6 1 0 2 5
7 6 7 6 1 0 4 6
2 6 4 0 7 3 7 3
7 0 1 5 2 3 2 6
1 6 2 3 4 0 2 3
7 6 1 6 2 5 2 3
1 6 1 0 2 3 4 5
4 0 1 6 7 6 2 0
2 6 4 0 7 5 4 0
4 0 4 5 2 6 4 3
1 3 4 3 1 0 1 5
1 3 7 6 1 0 2 6
4 3 2 6 1 6 1 5
4 3 4 3 1 3 1 3
1 0 1 6 7 5 7 6
4 6 2 0 1 6 7 3
2 6 1 5 1 0 2 3
2 6 7 3 7 0 4 6
1 3 7 0 4 6 4 0
7 5 7 6 4 6 4 3
1 5 4 5 2 0 4 5
2 6 1 3 7 5 7 6
1 0 2 5 2 0 1 3
4 0 7 6 2 6 1 3
2 3 7 5 4 0 4 6
7 3 2 5 2 0 7 6
7 6 1 6 7 0 1 6
2 0 7 0 7 5 4 5
2 5 2 5 7 0 1 5
7 0 4 6 7 3 7 3
4 6 4 6 4 0 2 5
1 3 1 3 4 5 7 5
4 0 7 0 2 6 7 0
4 0 1 5 7 5 1 0
1 0 7 3 1 6 4 5
2 5 1 6 1 0 4 6
2 6 2 5 2 0 4 0
