5 9 2 6 1 2 3 3 14 2 6 5 8 2 20 0 3
11 4 4 18 2 1 1 8 0 22 5 15 3 3
1 8 0 3 5 7 3 5 6 15 11 0 1 19 7 15 4 7 0 0
16 4 16 16 10 14 2 6 9 0 15 4 1 4 1 8 0 17 2 12 18 1 4 13 2 10
1 8 0 7 21 6 5 7 7 8 5 6 5 6 15 5 1 19 7 2 3 13 2 10
5 11 5 18 0 16 10 1 0 13 13 10 22 0 2 12 3 19 7 16 10 23 12 5 0 6 13
5 3 2 3 5 19 16 3 5 6 15 3
14 2 6 10 4 21 12 0 2 13 16 0 2 7 1 4 12 10 17 11 0 2 7 0
5 7 0 0 2 22 5 12 13 5 6 1 8 0 3 5 1 19 7 3 5 6 15
14 2 6 9 0 17 11 2 10 9 5 1 8 1 8 0 3 7 1 4 15 0 1 8 0 12
11 4 4 18 2 1 1 8 0 14 21 1 0 3 10
14 2 6 5 8 2 20 0 7 4 16 0 3
1 8 0 7 21 6 5 7 7 8 5 6 5 6 15
5 9 2 6 1 1 4 17 11 2 10 9 5 1 8 16 10 1 4 10 7
5 7 0 0 2 22 5 12 13 5 6 1 8 0 7 18 10
11 0 1 19 7 13 2 6 14 0 2 6 13 7 5 6 15
5 11 4 20 0 10 4 21 16 4 16 16 10 2 6 13 13 2 13 13 10
14 2 6 9 0 15 4 1 4 1 8 0 17 2 12 18
1 8 0 3 5 7 5 6 1 8 0 7 18 10
5 19 16 8 2 17 17 10 1 4 7 0 0 10 4 21
14 2 6 9 0 17 11 2 10 4 21 1 7 5 13 0 5 6 1 8 0 7 21 6 3
5 9 2 6 1 2 14 4 4 18 5 0 14 2 6 5 8 2 20 0 3
11 4 4 18 2 1 1 8 0 17 12 0 1 1 10 22 21 1 1 0 12 23 11 10 3 3
14 2 6 9 0 12 0 2 13 16 10 23 2 20 4 12 5 1 0 22 4 4 18 3
5 11 4 20 0 10 4 21 7 4 3 16 4 16 16 10
3 5 7 16 10 1 0 13 13 10 22 0 2 12 5 14 2 6 19 1 3 3
1 8 0 3 10 5 7 7 4 3 10 2 6 13 14 21 1 0
5 9 2 6 1 1 4 14 4 11 4 12 9 5 1 8 16 10 3 7
14 2 6 9 0 8 2 20 0 2 3 17 2 12 1 10 9 5 1 8 16 10 13 4 11 11 7
5 19 16 3 5 6 15 7 11 0 0 17 10 14 2 6 9 0 1 2 18 0 2 6 2 17
14 2 6 9 0 17 11 2 10 1 4 15 0 1 8 0 12
5 9 2 6 1 7 4 16 0 5 14 0 14 12 0 2 16
11 4 4 18 2 1 1 8 0 22 5 15 1 12 21 14 18
5 11 4 20 0 16 10 1 0 13 13 10 22 0 2 12
5 9 2 6 1 1 4 3 2 3
11 0 1 19 7 7 5 6 15 2 3 1 4 15 0 1 8 0 12
14 2 6 10 4 21 12 0 2 13 16 0 2 7 1 4 12 10
5 19 16 3 0 13 14 2 6 9 0 15 4 1 4 22 0 13 6 4 9
11 4 4 18 2 1 1 8 0 17 12 0 1 1 10 3 7 5 6 1 8 0 3
14 2 6 10 4 21 3 16 0 3 4 6 16 10 3 7
1 8 0 3 5 7 7 11 0 0 17 5 6 15 11 0 1 19 7 22 0 3
5 19 16 3 14 2 6 5 8 2 20 0 7 4 16 0 3
5 3 1 4 15 4 3 10 14 2 6 10 4 21 1 2 18 0 16 0
5 9 2 6 1 1 4 17 11 2 10 9 5 1 8 16 10 3 4 21 1 7 5 13 0
14 2 6 9 0 8 2 20 0 2 17 5 14 6 5 14 5 6 1 8 0 17 2 12 18
5 11 4 20 0 10 4 21 7 4 3 16 4 16 16 10 13 2 13 13 10
11 0 1 19 7 7 5 6 15 1 8 0 3 3 1 4 15 0 1 8 0 12
1 8 0 7 21 6 5 7 7 8 5 6 5 6 15 4 21 1 7 5 13 0
5 19 16 3 10 14 2 6 5 8 2 20 0 7 4 16 0 3
1 8 0 22 5 12 13 5 7 7 5 6 15 5 6 15 2 3
11 0 1 19 7 3 2 3 3 2 1 1 8 0 3
5 19 16 3 0 13 14 2 6 9 0 1 2 18 0 2 6 2 17
14 2 6 9 0 8 2 20 0 3 23 4 12 13 5 6 6 0 12 1 4 3
14 2 6 9 0 8 2 20 0 5 14 0 14 12 0 2 16
11 4 4 18 2 1 1 8 0 14 21 1 0 3 10 3 3
14 2 6 9 0 15 4 1 4 1 8 0 17 2 12 18 1 4 13 2 10
5 19 16 3 0 13 2 6 13 9 2 6 1 1 4 1 2 18 0 2 6 2 17
14 2 6 5 8 2 20 0 2 3 17 11 0 2 7 0
14 2 6 9 0 12 0 2 13 2 22 4 4 18 1 4 15 0 1 8 0 12
5 19 16 0 24 14 5 1 0 13 1 4 7 0 0 16 10 23 12 5 0 6 13 7
14 2 6 10 4 21 3 16 0 2 3
5 11 4 20 0 5 14 0 14 12 0 2 16
16 10 23 2 20 4 12 5 1 0 14 4 11 4 12 5 7 3
11 4 4 18 2 1 1 8 0 17 12 0 1 1 10 22 21 1 1 0 12 23 11 10
5 3 1 4 15 4 3 10
14 2 6 9 0 8 2 20 0 3 23 4 12 13 5 6 6 0 12
5 19 16 2 22 5 15 3 6 4 9
5 9 2 6 1 1 4 17 11 2 10 9 5 1 8 16 10 23 12 5 0 6 13 7
14 2 6 9 0 8 2 20 0 5 14 0 14 12 0 2 16 23 4 12 3
11 0 1 19 7 15 4 4 6 2 17 5 14 6 5 14 5 6 1 8 0 17 2 12 18
5 11 4 20 0 12 0 2 13 5 6 15 22 4 4 18 7 9 5 1 8 10 4 21
1 8 0 7 21 6 5 7 7 8 5 6 5 6 15 2 6 13 5 1 19 7 2 3 3 13 2 10
5 19 16 3 5 6 15 8 2 17 17 10 1 4 13 2 10 11 0 1 19 7 13 2 6 14 0
14 2 6 9 0 17 11 2 10 9 5 1 8 3 7 4 21 1 7 5 13 0
5 19 16 7 4 0 24 14 5 1 0 13 23 4 12 16 10 3 3 13 2 10 17 2 12 1 10
5 9 2 6 1 1 4 17 11 2 10 4 21 1 7 5 13 0
11 4 4 18 2 1 1 8 0 17 12 0 1 1 10 3 7
14 2 6 5 8 2 20 0 7 4 16 0 3 17 11 0 2 7 0
5 11 4 20 0 10 4 21 16 4 16 16 10
14 2 6 9 0 12 0 2 13 2 7 1 4 12 10
11 0 1 19 7 3 2 3 3
3 7 11 0 0 17 3
5 11 4 20 0 17 11 2 10 5 6 15 9 5 1 8 16 10 1 4 10 7
1 8 0 7 21 6 5 7 7 8 5 6 5 6 15 5 1 19 7 2 3 3 13 2 10
11 4 4 18 2 1 1 8 0 22 5 15 3 1 12 21 14 18
5 19 16 3 5 6 15 8 2 17 17 10 1 4 13 2 10
14 2 6 9 0 15 4 1 4 1 8 0 17 2 12 18 2 6 13 17 11 2 10
1 8 0 3 5 7 7 11 0 0 17 5 6 15 4 6 1 8 0 3
5 9 2 6 1 1 4 3 16 10 23 2 20 4 12 5 1 0 3
11 0 1 19 7 17 11 2 10 3 2 6 13 3 1 4 15 0 1 8 0 12
5 9 2 6 1 2 3 3 10 4 21
14 2 6 9 0 17 11 2 10 9 5 1 8 16 10 1 4 10 7
1 8 0 7 21 6 5 7 7 8 5 6 5 6 15 7 4 3
5 11 4 20 0 3 5 6 15 5 14 0 14 12 0 2 16
11 0 1 19 7 13 2 6 14 0 1 4 1 8 0 3
1 8 0 3 10 5 7 7 4 14 21 1 0 2 6 13 3 10
5 19 16 7 11 0 0 17 10 14 2 6 9 0 1 2 18 0 2 6 2 17
11 4 4 18 2 1 1 8 0 22 5 15 3 3
14 2 6 5 8 2 20 0 2 3 17 11 0 2 7 0
11 0 1 19 7 15 4 1 4 1 8 0 17 2 12 18 2 6 13 17 11 2 10
14 2 6 9 0 8 2 20 0 2 17 5 14 6 5 14 1 4 13 2 10
14 2 6 10 4 21 3 16 0 3 16 10 1 4 10
5 9 2 6 1 1 4 3 3 7
5 19 16 3 13 3 1 8 0 3
1 8 0 22 21 1 1 0 12 23 11 10 3 17 12 0 1 1 10 3
14 2 6 9 0 3 14 4 4 18 5 0 7 1 4 15 0 1 8 0 12
1 8 0 3 5 7 7 8 5 6 5 6 15 5 6 1 8 0 7 18 10
11 0 1 19 7 15 4 4 6 2 3 3
5 11 4 20 0 17 11 2 10 5 6 15 9 5 1 8 16 10 23 12 5 0 6 13 7
14 2 6 9 0 15 4 1 4 1 8 0 3 2 6 13 7 0 0 1 8 0 2 6 5 16 2 11 7
1 8 0 12 2 5 6 3 5 7 7 4 14 4 11 4 12 3
14 2 6 9 0 15 4 23 4 12 2 3 3 12 5 13 0
11 0 1 19 7 16 2 18 0 2 3 9 5 1 8 3 2 6 13 3
5 9 2 6 1 1 4 11 0 2 12 6 8 4 9 1 4 3
14 2 6 9 0 8 2 20 0 2 13 2 6 14 0 17 2 12 1 10
11 4 4 18 2 1 1 8 0 3 10 3
14 2 6 9 0 15 4 1 4 1 8 0 3 2 6 13 7 0 0 1 8 0 3
1 8 0 3 3 5 7 9 0 2 12 5 6 15 2 3 2 6 13 3
11 0 1 19 7 8 2 20 0 2 7 11 0 0 17 3 9 5 1 8 16 10 23 12 5 0 6 13 7
5 9 2 6 1 1 4 17 11 2 10 9 5 1 8 16 10 3 3
14 2 6 9 0 15 4 1 4 1 8 0 3 2 6 13 7 0 0 1 8 0 3 7
11 4 4 18 2 1 1 8 0 3 3 2 1 1 8 0 3
14 2 6 9 0 8 2 20 0 2 3 17 2 12 1 10 23 4 12 13 5 6 6 0 12
1 8 0 3 1 12 21 14 18 5 7 3 2 6 13 7 8 5 6 10
11 0 1 19 7 16 2 18 0 2 3 9 5 1 8 3 7 2 6 13 3 7
5 9 2 6 1 1 4 11 0 2 12 6 8 4 9 1 4 17 11 2 10 3
14 2 6 9 0 8 2 20 0 2 3 3 9 5 1 8 3 3
11 4 4 18 2 1 1 8 0 14 4 11 4 12 3 3 7 2 1 1 8 0 17 2 12 1 10
14 2 6 9 0 15 4 1 4 1 8 0 3 3 2 6 13 11 0 2 12 6 3 3
1 8 0 3 5 7 3 5 6 15 2 6 13 3 5 6 15
11 0 1 19 7 8 2 20 0 2 3 3 9 5 1 8 16 10 23 12 5 0 6 13 7
5 9 2 6 1 1 4 17 11 2 10 9 5 1 8 16 10 13 4 11 11 3
14 2 6 9 0 15 4 1 4 1 8 0 3 2 6 13 3 2 3 3
11 4 4 18 2 1 1 8 0 14 21 1 0 3 3 7
14 2 6 9 0 8 2 20 0 2 17 5 14 6 5 14 2 1 1 8 0 17 2 12 18 9 5 1 8 3 3
1 8 0 3 3 7 4 17 12 0 1 1 10 2 6 13 3
11 0 1 19 7 16 2 18 0 2 3 3 13 2 10 3 23 4 12 13 2 13 13 10
5 9 2 6 1 1 4 15 4 1 4 1 8 0 17 11 2 10 15 12 4 21 6 13 2 6 13 17 11 2 10 4 6 1 8 0 3 7
14 2 6 9 0 8 2 20 0 2 3 17 2 12 1 10 23 4 12 3
11 4 4 18 2 1 1 8 0 22 5 15 3 3
14 2 6 9 0 15 4 1 4 1 8 0 3 3 2 6 13 7 0 0 1 8 0 3 3 7
1 8 0 3 3 2 3 3 2 6 13 22 5 15 3 7
11 0 1 19 7 16 2 18 0 2 3 3 9 5 1 8 3 7 2 6 13 3
5 9 2 6 1 1 4 11 0 2 12 6 8 4 9 1 4 3 2 3
14 2 6 9 0 8 2 20 0 2 3 3 9 5 1 8 3 3 2 6 13 3 0 12 7
11 4 4 18 2 1 1 8 0 14 21 1 0 3 3 3
14 2 6 9 0 15 4 1 4 1 8 0 3 3 2 6 13 3 2 3
1 8 0 3 14 2 12 5 7 3 5 6 15 3 9 5 1 8 3 7 3 5 6 15
11 0 1 19 7 16 2 18 0 2 22 5 12 13 3 9 5 1 8 3 2 6 13 3 7
5 9 2 6 1 1 4 17 11 2 10 9 5 1 8 16 10 1 4 10 14 2 12 7 2 6 13 1 12 21 14 18 7
14 2 6 9 0 8 2 20 0 2 3 3 3 2 6 13 3 3 7
11 4 4 18 2 1 1 8 0 17 12 0 1 1 10 22 21 1 1 0 12 3 3 5 6 1 8 0 3
14 2 6 9 0 15 4 1 4 1 8 0 3 5 6 15 3 2 6 13 7 0 0 1 8 0 3 7
1 8 0 3 3 5 7 3 2 6 13 3 3
11 0 1 19 7 16 2 18 0 2 3 3 9 5 1 8 3 3
5 9 2 6 1 1 4 11 0 2 12 6 8 4 9 1 4 7 5 6 15 2 3
14 2 6 9 0 8 2 20 0 2 3 3 9 5 1 8 3 3
5 9 2 6 1 1 4 17 11 2 10 9 5 1 8 16 10 13 4 11 11 7
14 2 6 9 0 8 2 20 0 2 3 17 2 12 1 10 9 5 1 8 16 10 3 0 13 2 6 5 16 2 11 7
1 8 0 22 5 12 13 5 7 7 5 6 15 5 6 15 2 17 12 0 1 1 10 3
5 11 4 20 0 3 5 6 15 5 6 3 7 3 5 1 12 2 5 6 7
11 0 1 19 7 15 4 23 4 12 2 9 2 11 18 5 6 1 8 0 17 2 12 18
1 8 0 22 21 1 1 0 12 23 11 10 3 0 13 4 6 16 10 3
14 2 6 9 0 15 4 1 4 1 8 0 3 1 4 3 7 4 16 0 22 4 4 18 7
11 4 4 18 2 1 1 8 0 22 5 15 3 3 3 5 6 15 5 6 1 8 0 7 18 10
5 9 2 6 1 1 4 22 0 2 3 9 8 0 6 5 15 12 4 9 21 17
14 2 6 9 0 15 4 7 0 0 1 8 0 3 3 3 7
1 8 0 3 3 7 3 3 5 6 15 3 3 1 4 1 8 0 15 12 4 21 6 13
5 11 4 20 0 17 11 2 10 5 6 15 9 5 1 8 16 10 1 4 10 14 2 12 7
14 2 6 9 0 8 2 20 0 2 13 2 6 14 0 17 2 12 1 10 5 6 1 8 0 3 5 6 15 3
11 0 1 19 7 16 2 18 0 7 4 16 0 3 9 5 1 8 3 2 6 13 3 3
1 8 0 3 15 4 3 3 3 4 6 1 8 0 3 7
5 9 2 6 1 1 4 22 0 2 3 11 5 18 0 5 6 1 8 0 3
14 2 6 9 0 15 4 1 4 1 8 0 3 3 1 4 7 0 0 1 8 0 2 6 5 16 2 11 7
11 4 4 18 2 1 1 8 0 12 2 5 6 3 3 1 8 0 12 2 5 6
5 9 2 6 1 1 4 22 0 2 3 0 12 9 8 0 6 5 15 12 4 9 21 17
14 2 6 9 0 15 4 4 6 2 3 3
1 8 0 3 5 7 3 5 6 15 3 3 8 2 17 17 5 3
11 0 1 19 7 3 2 3 23 4 12 13 2 13 13 10 19 7 3 3 13 2 10
1 8 0 3 3 11 5 18 0 2 22 5 15 3 3
5 9 2 6 1 1 4 22 0 2 7 5 6 15 0 12 9 8 0 6 5 15 12 4 9 21 17
14 2 6 9 0 8 2 20 0 2 17 5 14 6 5 14 5 6 1 8 0 3 3
11 4 4 18 2 1 1 8 0 3 3 23 11 10 5 6 15 5 6 1 8 0 7 18 10
5 11 4 20 0 17 11 2 10 5 6 15 9 5 1 8 3 7 5 6 1 8 0 3
14 2 6 9 0 15 4 1 4 1 8 0 3 3 17 2 12 18 1 4 12 5 13 0 1 8 0 3 3
1 8 0 3 1 12 21 14 18 5 7 3 5 6 15 3 3 9 5 1 8 3 3 4 6
5 9 2 6 1 1 4 22 0 3 3 9 8 0 6 5 15 12 4 9 21 17
14 2 6 9 0 8 2 20 0 2 7 11 0 0 17 3 9 5 1 8 16 10 23 12 5 0 6 13 7
11 4 4 18 2 1 1 8 0 3 3 3 3 5 6 15 21 17 1 8 0 3 7 18 10
5 11 4 20 0 7 5 6 15 5 6 15 3 3 3 7
14 2 6 9 0 15 4 1 4 1 8 0 3 1 4 7 0 0 1 8 0 2 6 5 16 2 11 7
11 0 1 19 7 3 7 4 16 0 3 7 5 6 1 8 0 3
1 8 0 3 2 1 1 8 0 3 3 2 3 3
5 9 2 6 1 1 4 22 0 2 3 3 9 8 0 6 5 15 12 4 9 21 17
14 2 6 9 0 15 4 1 4 1 8 0 3 1 4 7 0 0 1 8 0 3 7
11 4 4 18 2 1 1 8 0 3 7 8 5 6 5 6 15 3 3 5 6 1 8 0 7 18 10
5 11 4 20 0 17 11 2 10 5 6 15 3 21 17 9 5 1 8 16 4 16 16 10 19 7 3
14 2 6 9 0 15 4 1 4 1 8 0 3 1 4 7 0 0 1 8 0 3
11 0 1 19 7 16 2 18 0 2 3 3 2 1 1 8 0 3
1 8 0 3 3 5 7 15 4 5 6 15 1 4 3 7 4 16 0 3 3 19 7 3
5 9 2 6 1 1 4 22 0 2 3 0 12 9 8 0 6 5 15 12 4 9 21 17
14 2 6 9 0 8 2 20 0 2 3 3 9 5 1 8 16 10 1 4 10 7
11 4 4 18 2 1 1 8 0 3 3 9 0 3 5 6 1 8 0 3
5 11 4 20 0 7 5 6 15 5 6 15 8 2 17 17 10 3 3 13 2 10 1 4 16 10 23 12 5 0 6 13 7
14 2 6 9 0 15 4 1 4 1 8 0 17 2 12 18 1 4 17 11 2 10 4 6 1 8 0 3 7
5 9 2 6 1 1 4 3 3 7 4 6 3
14 2 6 5 8 2 20 0 2 14 4 4 18 5 0 17 11 0 2 7 0
5 11 4 20 0 16 10 1 0 13 13 10 22 0 2 12 7 4 3
5 1 19 7 22 0 13 3 11 0 1 19 7 15 4 1 4 7 11 0 0 17
3 19 7 16 10 23 2 20 4 12 5 1 0 14 4 11 4 12 3
3 5 7 16 10 1 4 10 14 2 12
5 3 1 4 15 4 3 10 6 4 9
5 9 2 6 1 1 4 15 4 1 4 1 8 0 17 2 12 18 2 6 13 17 11 2 10 4 6 1 8 0 3
3 5 13 4 6 19 1 9 2 6 1 1 4 1 2 18 0 2 6 2 17 3 6 4 9
1 8 0 7 21 6 5 7 7 8 5 6 5 6 15 5 6 1 8 0 7 18 10
5 9 2 6 1 1 4 15 4 4 21 1 7 5 13 0 2 6 13 3
13 2 13 13 10 14 2 6 10 4 21 12 0 2 13 16 0 2 7 1 4 12 10
1 8 5 7 3 5 7 7 4 3 2 6 13 3
5 13 4 6 19 1 11 5 18 0 3 5 6 15 3 3 9 8 0 6 5 19 16 3
1 8 0 3 5 7 7 4 3 2 6 13 17 12 0 1 1 10 1 4 3
16 10 3 5 7 3 5 6 15 5 19 16 3
5 11 4 20 0 10 4 21 7 4 3
1 8 5 7 5 7 16 10 23 2 20 4 12 5 1 0 1 4 10
14 2 6 9 0 8 2 20 0 3 2 6 13 3 23 4 12 3
5 9 2 6 1 1 4 9 0 2 12 16 10 23 2 20 4 12 5 1 0 3
11 0 1 19 7 13 2 6 14 0 1 4 7 4 16 0 3
5 19 16 7 4 0 24 14 5 1 0 13 23 4 12 16 10 3 3 13 2 10
5 13 4 6 19 1 11 5 18 0 3 5 6 15 2 6 2 17
1 8 0 3 5 7 7 4 3 2 6 13 3 10
11 0 1 19 7 3 2 3 9 5 1 8 3 7
14 2 6 9 0 15 4 7 0 0 3 3 2 6 13 3 3
1 8 0 12 2 5 6 5 7 3 5 6 15 3 3 3
5 9 2 6 1 1 4 11 0 2 12 6 8 4 9 1 4 12 5 13 0 2 3 3
11 0 1 19 7 16 2 18 0 2 3 9 5 1 8 3 7
14 2 6 9 0 3 2 3 1 4 15 0 1 8 0 12
1 8 5 7 5 7 16 10 23 2 20 4 12 5 1 0 22 4 4 18
11 0 1 19 7 15 4 4 6 2 3 9 2 11 18
5 9 2 6 1 1 4 22 0 2 3 3
1 8 0 3 5 7 7 4 3
14 2 6 9 0 15 4 1 4 1 8 0 3
5 13 4 6 19 1 9 2 6 1 1 4 3 16 10 3 7
11 0 1 19 7 17 11 2 10 3 2 6 13 3
14 2 6 9 0 8 2 20 0 2 3 17 2 12 1 10
1 8 0 3 5 7 7 4 23 12 5 0 6 13 3
5 9 2 6 1 1 4 3 10 4 21 14 4 4 18 13 5 6 6 0 12
11 0 1 19 7 17 11 2 10 3 3 3 21 17
14 2 6 9 0 15 4 3 5 6 15
5 13 4 6 19 1 9 2 6 1 1 4 15 4 1 4 22 0 13
11 0 1 19 7 17 11 2 10 9 5 1 8 3 7
14 2 6 9 0 15 4 1 4 1 8 0 3
5 9 2 6 1 1 4 11 0 2 12 6 8 4 9 1 4 3
1 8 0 22 21 1 1 0 12 23 11 10 5 7 7 4 14 4 11 4 12 3
11 0 1 19 7 8 2 20 0 2 17 5 14 6 5 14
14 2 6 9 0 15 4 4 6 2 3 12 5 13 0
5 19 16 7 4 8 2 17 17 10 1 4 7 0 0 10 4 21
11 0 1 19 7 17 11 2 10 9 5 1 8 17 11 2 10 3 3 3 3
14 2 6 9 0 15 4 4 6 2 3 12 5 13 0
1 8 0 3 5 7 3 5 6 15 5 6 1 8 0 3
5 9 2 6 1 1 4 11 0 2 12 6 8 4 9 1 4 3
11 0 1 19 7 8 2 20 0 2 3 3
14 2 6 9 0 15 4 1 4 1 8 0 3 3 17 2 12 18
5 13 4 6 19 1 11 5 18 0 3 3 7
11 0 1 19 7 7 5 6 15 3 3 3 7
14 2 6 9 0 15 4 1 4 1 8 0 3
1 8 0 7 21 6 5 7 3 5 6 15 5 6 1 8 0 7 18 10
3 16 4 16 16 10
5 9 2 6 1 1 4 12 5 13 0 4 6 1 8 0 3 7
1 8 5 7 5 7 16 10 23 2 20 4 12 5 1 0 1 0 13 13 10 22 0 2 12
5 13 4 6 19 1 9 2 6 1 1 4 1 2 18 0 2 3
3 19 7 2 22 5 15 1 12 21 14 18
5 9 2 6 1 1 4 22 0 2 3 9 8 0 6 5 15 12 4 9 21 17
5 19 16 7 11 0 0 17 10 14 2 6 5 1 2 18 0 2 6 2 17
14 2 6 9 0 15 4 7 0 0 1 8 0 2 6 5 16 2 11 7 2 1 1 8 0 3
1 8 0 12 2 5 6 5 7 3 5 6 15 4 21 1 7 5 13 0
11 4 4 18 2 22 21 1 1 0 12 23 11 10
5 13 4 6 19 1 11 5 18 0 3 5 6 15 3 7
5 19 16 3 13 3 1 8 0 3
14 2 6 9 0 16 2 18 0 14 4 4 18 5 0 7 1 4 15 0 1 8 0 12
11 4 4 18 2 1 1 8 0 17 12 0 1 1 10 3 5 6 1 8 0 7 18 10
5 13 4 6 19 1 9 2 6 1 1 4 9 0 2 12 2 3
14 2 6 9 0 15 4 4 6 2 3 3 12 5 13 0
5 11 4 20 0 15 4 5 6 15 1 4 1 8 0 17 11 2 10 15 12 4 21 6 13
14 2 6 9 0 15 4 3 5 6 15 5 6 1 8 0 3
3 19 7 2 22 5 15 3
5 9 2 6 1 1 4 22 0 2 3 0 12 9 8 0 6 5 15 12 4 9 21 17
1 8 5 7 5 7 16 10 23 2 20 4 12 5 1 0 3 0 13 2 6 5 16 2 11
14 2 6 9 0 15 4 4 6 2 3 9 2 11 18
5 13 4 6 19 1 11 5 18 0 15 4 5 6 15 1 4 1 8 0 3
11 0 1 19 7 16 2 18 0 2 3 1 4 15 0 1 8 0 12
14 2 6 9 0 15 4 1 4 1 8 0 3 2 6 13 3 3 3 7
11 4 4 18 2 1 1 8 0 14 21 1 0 3 2 6 5 16 2 11 7
5 9 2 6 1 1 4 22 0 3 3
1 8 5 7 5 7 16 10 23 2 20 4 12 5 1 0 1 4 10 14 2 12
5 19 16 0 24 14 5 1 0 13 23 4 12 3 3
14 2 6 9 0 16 2 18 0 2 3 3 1 4 15 0 1 8 0 12
11 0 1 19 7 15 4 4 6 2 3 3
14 2 6 9 0 8 2 20 0 2 3 17 2 12 1 10
5 11 4 20 0 3 5 6 15 3 9 5 1 8 10 4 21
14 2 6 9 0 8 2 20 0 3 2 6 13 3 23 4 12 13 5 6 6 0 12
5 9 2 6 1 1 4 9 0 2 12 16 10 3 3 7 1 4 13 2 10
11 4 4 18 2 1 1 8 0 17 12 0 1 1 10 22 21 1 1 0 12 23 11 10 23 11 10 5 6 15 5 6 1 8 0 3
14 2 6 9 0 17 11 2 10 9 5 1 8 16 10 13 4 11 11 3 1 4 15 0 1 8 0 12
5 19 16 7 4 0 24 14 5 1 0 13 1 4 15 4 1 4 1 8 0 17 2 12 18
11 0 1 19 7 7 5 6 15 1 8 0 3 3
1 8 5 7 5 7 16 10 23 2 20 4 12 5 1 0 1 4 10 3
5 11 4 20 0 3 5 6 15 9 5 1 8 16 10 3 0 13 2 6 5 16 2 11 7
14 2 6 9 0 17 11 2 10 9 5 1 8 1 8 0 3 17 11 0 2 7 0
5 9 2 6 1 1 4 3 3 23 4 12 13 5 6 6 0 12
5 13 4 6 19 1 9 2 6 1 1 4 15 4 1 4 22 0 13 3
11 0 1 19 7 15 4 4 21 1 7 5 13 0 2 6 13 17 11 2 10
14 2 6 9 0 3 3 7 4 6 3
1 8 5 7 5 7 16 10 23 2 20 4 12 5 1 0 1 4 10 1 12 21 14 18
5 11 4 20 0 17 11 2 10 5 6 15 9 5 1 8 16 10 23 12 5 0 6 13 7 2 1 3 3
14 2 6 9 0 15 4 1 4 1 8 0 17 11 2 10 15 12 4 21 6 13 2 6 13 3
11 4 4 18 2 1 1 8 0 14 21 1 0 3
5 11 4 20 0 15 4 5 6 15 1 4 1 8 0 17 2 12 18
1 8 5 7 5 7 16 10 23 2 20 4 12 5 1 0 3
11 0 1 19 7 15 4 4 6 2 3 3 12 5 13 0
5 19 16 0 24 14 5 1 0 13 1 4 7 0 0 16 10 23 12 5 0 6 13 7 1 4 13 2 10
14 2 6 9 0 15 4 1 4 1 8 0 17 11 2 10 15 12 4 21 6 13 6 4 9
5 9 2 6 1 2 22 5 15 3
14 2 6 9 0 12 0 2 13 2 7 1 4 12 10 1 4 15 0 1 8 0 12
10 3 1 8 5 7 3 7 3
14 2 6 9 0 8 2 20 0 2 17 5 14 6 5 14 4 21 1 7 5 13 0
14 2 6 9 0 17 11 2 10 9 5 1 8 16 10 13 4 11 11 7 6 4 9
5 9 2 6 1 1 4 15 4 1 4 1 8 0 17 11 2 10 15 12 4 21 6 13
11 4 4 18 2 1 1 8 0 14 21 1 0 3 7
14 2 6 9 0 8 2 20 0 3 2 6 13 3 23 4 12 3
5 11 4 20 0 3 5 6 15 4 6 1 8 0 22 0 13
11 0 1 19 7 17 11 2 10 9 5 1 8 1 8 0 1 4 10 14 2 12 7
5 9 2 6 1 1 4 15 4 4 6 2 3 3 12 5 13 0
5 19 16 7 4 8 2 17 17 10 1 4 7 0 0 10 4 21 16 4 16 16 10 2 6 13 13 2 13 13 10
5 9 2 6 1 7 4 16 0 3 17 11 0 2 7 0
5 19 16 3 5 6 15 7 11 0 0 17 10
14 2 6 9 0 12 0 2 13 2 7 1 4 12 10 22 4 4 18
14 2 6 9 0 15 4 1 4 1 8 0 17 11 2 10 15 12 4 21 6 13
11 0 1 19 7 8 2 20 0 2 17 5 14 6 5 14 5 6 1 8 0 17 2 12 18
5 9 2 6 1 1 4 17 11 2 10 9 5 1 8 16 10 1 4 10 7 6 4 9
11 4 4 18 2 22 5 12 13 5 7 23 11 10 5 6 15 5 6 1 8 0 7 18 10
5 13 4 6 19 1 9 2 6 1 1 4 9 0 2 12 16 10 3 7
11 0 1 19 7 8 2 20 0 2 17 5 14 6 5 14 5 6 1 8 0 3 3
5 19 16 3 0 13 14 2 6 5 1 2 18 0 2 6 2 17
14 2 6 9 0 15 4 1 4 1 8 0 17 2 12 18 2 6 13 3 3 1 8 0 3
14 2 6 9 0 8 2 20 0 3 23 4 12 13 5 6 6 0 12
14 2 6 9 0 12 0 2 13 2 7 1 4 12 10 3 22 0 13
5 19 16 7 4 0 24 14 5 1 0 13 23 4 12 3 3
11 0 1 19 7 15 4 23 4 12 2 9 2 11 18 5 6 1 8 0 7 21 6 3
5 9 2 6 1 1 4 3 7 4 16 0 3
5 13 4 6 19 1 11 5 18 0 3 5 6 15 2 3
11 0 1 19 7 17 11 2 10 9 5 1 8 16 10 1 4 10 14 2 12 7
5 19 16 3 10 14 2 6 5 8 2 20 0 7 4 16 0 3
14 2 6 9 0 3 2 3 4 6 3
14 2 6 9 0 17 11 2 10 9 5 1 8 1 8 0 3
11 0 1 19 7 15 4 4 6 2 9 2 11 18 2 6 13 3
14 2 6 9 0 8 2 20 0 3 3 7 23 4 12 3 3
5 9 2 6 1 1 4 17 11 2 10 9 5 1 8 16 10 3 7
5 9 2 6 1 1 4 15 4 4 6 2 14 2 12 12 5 13 0 9 5 1 8 10 4 21
14 2 6 9 0 15 4 1 4 1 8 0 17 11 2 10 15 12 4 21 6 13 1 4 13 2 10
1 8 5 7 5 7 16 10 23 2 20 4 12 5 1 0 3 0 13 2 6 5 16 2 11 3 3 5 7 1 0 13 13 10 3
5 13 4 6 19 1 9 2 6 1 1 4 15 4 1 4 22 0 13 3 14 2 6 9 0 12 0 2 13 2 7 1 4 12 10 3
11 0 1 19 7 15 4 4 21 1 7 5 13 0 2 6 13 11 4 4 18 2 1 1 8 0 3 7
11 4 4 18 2 22 5 12 13 5 7 7 5 6 15 5 6 15
11 0 1 19 7 15 4 23 4 12 2 9 2 11 18 4 21 1 7 5 13 0
5 13 4 6 19 1 9 2 6 1 1 4 9 0 2 12 1 8 5 7 3
11 0 1 19 7 15 4 4 21 1 7 5 13 0 2 6 13 3 2 3
14 2 6 9 0 17 11 2 10 9 5 1 8 1 8 0 3 1 4 15 0 1 8 0 12
1 8 5 7 5 7 16 10 23 2 20 4 12 5 1 0 3 0 13 2 6 5 16 2 11 3 3 5 7 22 0 2 12
14 2 6 9 0 15 4 1 4 1 8 0 3 2 6 13 12 0 2 13 22 4 4 18 7
5 9 2 6 1 1 4 22 0 2 3 3 11 5 18 0 3 3 3 3
11 4 4 18 2 1 1 8 0 17 12 0 1 1 10 12 2 5 6 3 5 6 1 8 0 7 18 10
1 8 5 7 5 7 16 10 23 2 20 4 12 5 1 0 3 0 13 2 6 5 16 2 11 3 3 5 7 1 0 13 13 10
5 13 4 6 19 1 9 2 6 1 1 4 9 0 2 12 16 10 3 7 3 19 3 3 3
11 0 1 19 7 15 4 23 4 12 2 9 2 11 18 2 6 13 3 1 8 0 17 2 12 18
14 2 6 9 0 8 2 20 0 2 17 5 14 6 5 14 2 6 13 3 3 3 4 21 1 7 5 13 0
5 19 16 3 0 13 14 2 6 9 0 3 2 6 13 1 2 18 0 2 6 2 17
14 2 6 9 0 8 2 20 0 3 2 6 13 3 23 4 12 13 5 6 6 0 12
14 2 6 9 0 12 0 2 13 16 10 23 2 20 4 12 5 1 0 7 1 4 12 10 22 4 4 18
5 11 4 20 0 17 11 2 10 5 6 15 9 5 1 8 16 10 13 4 11 11 3
11 0 1 19 7 7 5 6 15 3 3 3 3 1 4 15 0 1 8 0 12
5 9 2 6 1 1 4 14 4 11 4 12 9 5 1 8 16 10 3 0 12 7
5 19 16 7 4 0 24 14 5 1 0 13 1 4 15 4 1 4 1 8 0 3
5 9 2 6 1 2 3 14 2 6 5 8 2 20 0 2 14 4 4 18 5 0
14 2 6 9 0 12 0 2 13 16 10 23 2 20 4 12 5 1 0 22 4 4 18 17 11 0 2 7 0
5 9 2 6 1 2 14 4 4 18 5 0 17 11 0 2 7 0
11 4 4 18 2 1 1 8 0 22 5 15 3 3
14 2 6 9 0 15 4 23 4 12 2 9 2 11 18 4 21 1 7 5 13 0
5 13 4 6 19 1 9 2 6 1 1 4 1 2 18 0 2 3 6 4 9
1 8 0 3 5 7 7 4 3 2 6 13 3 10
14 2 6 9 0 12 0 2 13 2 7 1 4 12 10 22 4 4 18 1 4 15 0 1 8 0 12
11 0 1 19 7 3 2 3 1 4 15 0 1 8 0 12
5 19 16 7 4 8 2 17 17 10 1 4 7 0 0 10 4 21 1 4 13 2 10
14 2 6 9 0 17 11 2 10 9 5 1 8 16 10 1 4 10 7 6 4 9
10 3 1 8 5 7 3 2 6 13 3 5 7 10 3 16 10
5 9 2 6 1 1 4 15 4 1 4 1 8 0 17 2 12 18 2 6 13 17 11 2 10
14 2 6 9 0 8 2 20 0 2 17 5 14 6 5 14 4 21 1 7 5 13 0 1 4 13 2 10
5 19 16 3 0 13 14 2 6 5 1 2 18 0 2 6 2 17 17 11 0 2 7 0
11 0 1 19 7 12 0 2 13 2 7 1 4 12 10 1 4 15 0 1 8 0 12 3 22 0 13 3
14 2 6 9 0 8 2 20 0 5 14 0 14 12 0 2 16 23 4 12 3 1 4 3
11 4 4 18 2 1 1 8 0 17 12 0 1 1 10 22 21 1 1 0 12 3 3 23 11 10 5 6 15
5 11 4 20 0 3 5 6 15 9 5 1 8 16 10 1 0 13 13 10 22 0 2 12
5 13 4 6 19 1 9 2 6 1 1 4 1 2 18 0 2 6 2 17 3 6 4 9
11 0 1 19 7 15 4 4 6 2 9 2 11 18 4 21 1 7 5 13 0
14 2 6 9 0 8 2 20 0 2 17 5 14 6 5 14 5 6 1 8 0 3 3
