5 9 2 6 1 2 3 3 14 2 6 5 8 2 20 0 3
11 4 4 18 2 1 1 8 0 22 5 15 3 3
16 4 16 16 10 14 2 6 9 0 15 4 1 4 1 8 0 17 2 12 18 1 4 13 2 10
1 8 0 7 21 6 5 7 7 8 5 6 5 6 15 5 1 19 7 2 3 13 2 10
5 11 5 18 0 16 10 1 0 13 13 10 22 0 2 12 3 19 7 16 10 23 12 5 0 6 13
5 3 2 3 5 19 16 3 5 6 15 3
5 7 0 0 2 22 5 12 13 5 6 1 8 0 3 5 1 19 7 3 5 6 15
5 9 2 6 1 1 4 17 11 2 10 9 5 1 8 16 10 1 4 10 7
5 7 0 0 2 22 5 12 13 5 6 1 8 0 7 18 10
11 0 1 19 7 13 2 6 14 0 2 6 13 7 5 6 15
14 2 6 9 0 15 4 1 4 1 8 0 17 2 12 18
1 8 0 3 5 7 5 6 1 8 0 7 18 10
5 19 16 8 2 17 17 10 1 4 7 0 0 10 4 21
5 9 2 6 1 2 14 4 4 18 5 0 14 2 6 5 8 2 20 0 3
14 2 6 9 0 12 0 2 13 16 10 23 2 20 4 12 5 1 0 22 4 4 18 3
5 11 4 20 0 10 4 21 7 4 3 16 4 16 16 10
1 8 0 3 10 5 7 7 4 3 10 2 6 13 14 21 1 0
5 9 2 6 1 1 4 14 4 11 4 12 9 5 1 8 16 10 3 7
14 2 6 9 0 8 2 20 0 2 3 17 2 12 1 10 9 5 1 8 16 10 13 4 11 11 7
5 19 16 3 5 6 15 7 11 0 0 17 10 14 2 6 9 0 1 2 18 0 2 6 2 17
